function C = StockCorrelation

GOOG = [
867.63
871.22
870.76
868.31
881.27
873.32
882.79
889.42
906.97
908.53
909.18
903.87
915.89
887.1
877.53
880.23
871.48
873.63
857.23
861.55
845.72
829.61
820.43
824.57
819.06
801.42
809.1
813.45
807.9
800.11
799.87
765.91
782.56
793.37
781.93
790.05
790.39
790.18
777.65
774.85
783.05
795.07
806.2
813.04
801.19
794.19
802.66
812.42
809.64
810.31
811.26
814.71
811.32
807.79
814.3
821.54
825.31
827.61
834.82
831.52
832.6
831.38
838.6
821.5
806.19
801.2
799.78
790.13
790.77
799.71
795.53
792.46
806.85
792.89
787.82
782.86
780.7
782.42
785.37
773.95
770.17
765.74
759.02
775.6
755.69
753.83
753.68
750.73
753.67
754.21
741.5
702.87
704.51
711.32
715.19
724.93
723.25
739.99
741.48
738.12
733.3
734.75
737.97
723.67
723.25
707.38
700.01
706.29
708.87
709.5
715.63
722.36
720.11
721.07
720.78
701.96
702.7
697.56
696.88
685.42
684.21
691.13
687.82
691.03
695.25
698.37
691.89
683.67
670.71
661.15
667.97
665.87
669.97
668.21
647.18
647.26
652.55
659.05
665.9
663.03
652.29
667.12
681.72
682.96
687.92
687.59
680.3
675.15
677.76
677.3
680.35
678.67
681.79
695
755.49
744.7
740.98
744.75
751.48
744.56
744.09
757.84
767.65
768.05
762.5
756.99
761.78
754.5
756.5
753.46
749.16
749.38
733.99
728.12
727.5
718.28
709.98
709.68
706.04
690.88
692.19
700.77
706.15
699.4
680.72
681.04
685.09
681.68
688.01
677.25
669.22
678.63
676.8
677.18
669.51
675.54
677.14
672.87
667.54
668.66
660.01
642
642.35
642.23
640.54
642.82
641.33
628.75
632.68
632.97
632.3
634.96
613.36
607.99
607.57
615.51
610.82
593.06
580.76
576.73
574.92
576.52
570.48
571.19
581.7
586.01
585.98
595.92
587.83
580.47
580.07
564.31
569.3
564.68
560.7
571.48
565.21
577.51
581.53
570.85
564.51
559.05
561.09
565.1
568.5
580.45
578.23
580.57
570.41
578.59
570.98
580.86
588.23
594.34
591.53
603.66
609.46
600.8
614.11
600.4
623.05
628.93
611.11
604
605.23
613.66
609.15
612.79
607.55
596.97
611.02
607.26
604.43
604.85
614.98
615.47
609.72
601.27
597.6
596.06
599.3
607.45
609.57
606.07
624.6
651.01
635.96
626.86
630.84
632.32
635.15
642.62
646.92
641.24
648.41
655.76
647.02
649.33
642.59
646.05
639.98
633.49
633.98
625.04
621.13
615.99
617.78
605.15
600.25
607.14
606.8
604.96
614.25
621.25
622.4
618.25
618.39
609.31
609.9
606.11
607.94
614
604.64
606.52
605.56
609.76
612.2
605.91
611.46
609.85
606.77
609.09
596.33
585.11
580.83
580.11
577.69
579.98
568.1
569.49
580.93
585.52
585.99
639.57
632.91
628.58
624.99
629.64
625.96
623.14
622.46
650.02
659.01
668.28
665.41
645.9
642.4
639.7
640.25
633.14
629.7
625.82
630.37
621.83
625.96
619.54
618.07
625.63
625.39
627.42
616.05
623.39
623.77
625.65
620.36
613.77
599.39
582.93
588.19
563
570.11
580
580.94
594.88
600.87
611.47
616.56
613
608.35
595.08
600.95
612.34
608.33
596.14
597.5
584.82
578.65
592.64
600.14
598.67
586.31
583.16
596.42
590.49
583.67
580.7
590.51
582.41
591.68
558.99
548.5
543.18
537.17
515.12
514.71
504.7
501.9
495.52
515.04
527.5
528.84
539.34
531.89
525.51
520.66
539.2
546.63
546.67
546.68
542.56
532.07
529.52
530.12
524.85
534.96
534.03
522.18
524.84
532.5
540.96
540.7
539.08
526.86
520.04
523.29
518.82
498.17
490.92
504.88
533.15
539
557.23
563.77
562.13
549.01
573.41
546.02
579.04
577.52
601.17
592.4
606.77
603.69
610.94
607.22
622.52
618.98
618.23
606.99
595.35
602.55
594.94
597.62
528.94
538.26
534.01
527.28
531.99
546.6
535.36
532.44
521.03
506.38
497.57
493.65
482.8
474.88
480.22
487.01
493
484.58
485.02
500.37
502.95
508.37
504.73
509.51
516.73
519.17
519.03
521.06
523.08
528.06
525.6
529.02
520.9
518.13
519.67
518.26
518.39
524.03
531.25
529.81
530.46
518.42
529.55
535.05
535.45
542.66
537.68
535.3
534.27
535.79
533.89
538.56
544.1
537.97
537.76
532.82
525.05
525.1
525.73
521.53
526.84
530.7
578.51
576.28
570.61
577.37
578.16
580
574.18
569.09
587.68
591.8
586.76
581.84
581.73
575.36
579.74
586.89
582.16
577.32
576.5
561.06
561.36
557.1
569.56
569.99
576.71
580.3
591.77
592.31
591.66
600.62
609.56
600.79
600.76
613.4
610.04
608.82
611.32
610.21
630.08
625.26
624.22
624.15
628.15
624.5
616.44
616.5
618.38
614.29
610.98
610.15
612
611.04
600.36
600.99
616.79
616.5
619.91
611.08
611.83
626.77
631.75
639.63
624.18
616.69
616.87
616.01
614.21
616.44
613.5
609.07
602.12
604.35
593.97
598.86
601
598.92
602.38
604.23
605.49
603.07
595.06
590.8
591.71
590.3
594.91
594.62
592.21
591.5
590.54
587.14
578.36
573
571.82
564.35
555.71
582.11
590
594.97
583.01
591.22
590.83
596.56
583.55
583.72
595.47
603.29
617.19
622.88
624.82
626.77
625.08
624.27
620.18
615.6
615
613.7
618.58
616.47
618.6
616.5
612.53
611.99
607.98
607.83
617.71
601.45
540.93
543.3
541.39
538.84
536.35
530.01
534.35
538.23
522.35
525.62
525.79
527.69
527.17
530.41
527.29
513.48
516
513.46
508.28
490.15
481.06
480.64
480.43
482.27
476.14
476.18
470.58
464.4
470.3
463.18
460.33
450.02
452.69
458.83
450.98
454.62
451.39
464.07
462.02
467.97
482.15
490.52
485.59
486.35
492.01
491.74
503.71
505.35
500.22
508.1
506.32
489.83
490.41
484.85
484.99
484.35
492.63
488.97
490.06
484.81
477.5
481.59
466.18
459.61
494.02
491.34
489.2
475.83
467.49
456.56
450.2
436.07
436.55
439.49
444.95
454.26
472.08
472.68
475.1
482.05
486.25
488.56
500.03
500.08
501.27
497.99
483.19
488.5
487.01
474.02
484.78
485.52
498.72
505.6
493.37
482.37
485.63
490.46
475.47
477.07
477.16
472.05
475.01
494.43
498.37
507.97
507.53
510.88
505.39
509.05
521.65
493.14
498.67
509.76
506.37
530.6
525.7
532
529.19
529.06
531.64
544.99
547.06
554.3
555.04
550.1
550.15
595.3
589
586.77
572.73
566.22
567.49
563.54
568.22
571.01
568.8
567.12
566.71
562.45
562.69
562.88
557.33
549
557.5
560
566.4
565.56
565.2
563.18
579.54
581.14
576.45
560.19
562.48
564.21
554.59
545.32
541.06
532.69
526.8
526.43
531.47
535.07
542.8
540.76
543.22
538.21
541.3
533.12
536.4
534.45
536.44
533.47
531.29
526.78
540.82
531.12
533.02
529.94
534.29
542.1
542.42
540
550.01
582.98
580.41
587.62
580
589.85
587.09
590.48
601.11
602.02
594.1
608.26
623.99
626.75
619.98
622.73
619.4
622.87
618.48
611.68
601.12
598.68
596.42
593.94
597.76
593.14
595.73
590.51
591.5
589.02
587.05
586.25
585.01
585.74
587.51
589.87
583
579.76
585.74
583.09
582.35
569.96
572.99
576.65
577.49
576.28
572.05
567.85
570.56
566.76
562.51
551.1
548.65
540.33
537.29
533.99
536.12
551.05
540.3
548.29
554.21
553.69
554.09
551.1
551.72
552.09
549.85
529.91
535.32
526.11
524.04
516.25
514.18
517.54
498.74
488.52
484.58
487.2
495.85
498.53
498.53
492.48
496.77
498.46
499.06
497
491.46
491.72
488.29
477.54
475.12
472.14
470.94
463.97
458.62
461.3
457.52
453.01
455.76
461.67
464.75
466.06
468
471.37
468.73
465.24
460.41
443.97
445.28
444.89
460
462.28
458.58
453.94
456.61
457.1
450.36
451.14
453.73
452.21
443.05
445.64
436.24
439.85
444.8
446.72
437.34
427.69
427.9
430.17
430.25
442.6
438.17
424.69
424.3
414.4
410.39
402.49
396.63
409.61
408.49
418.99
421.59
424.14
425.32
415.77
409.29
405.68
407.35
420.09
414.06
415.16
416
416.77
424.84
429
432.6
435.62
438.77
444.32
440.28
431.65
428.4
426.56
417.23
410.4
405.56
404.36
393.5
396.5
397.18
398.88
396.84
390
387.5
389.54
399.01
407.98
407.33
396.61
403.47
402.99
401.98
393.69
395.97
391.47
383.71
385.95
389.49
384.69
383.86
381.47
379.3
392.24
388.74
379.5
368.91
378.11
372.5
362
358.65
368.24
369.78
362.5
354.09
348.06
342.69
347.7
353.29
344.07
347.17
348.6
330.16
329.94
333.1
335.34
319.69
324.42
323.53
317.91
308.17
290.89
308.57
305.64
318.92
325.48
327.16
337.99
337.18
341.64
345.45
330.06
346.45
342.64
353.11
342.66
357.68
363.05
358.04
358.51
378.77
371.28
353.72
343
340.45
340.57
338.53
343.32
348.67
331.48
323.87
324.7
306.5
303.08
282.75
299.67
298.99
300.97
314.32
312.69
315.07
325.19
322.01
334.06
328.05
321.32
307.65
303.11
297.42
300.36
302.95
298.02
297.11
310.17
310.28
315.24
325.28
310.67
315.76
300.22
308.82
305.97
302.11
283.99
274.34
279.43
275.11
265.99
292.96
292.09
282.05
257.44
262.43
259.56
280.18
297.42
300.12
310.02
312.08
291
311.46
318.78
331.14
331.22
342.24
366.94
346.49
359.36
359.69
358
368.75
329.49
339.29
352.32
355.67
362.75
379.32
372.54
353.02
339.17
362.71
381.02
332
328.98
338.11
